n,time_ms
1,0.000
2,0.000
3,0.001
4,0.001
5,0.001
6,0.001
7,0.001
8,0.001
9,0.002
10,0.002
11,0.002
12,0.003
13,0.003
14,0.004
15,0.004
16,0.005
17,0.006
18,0.007
19,0.009
20,0.007
21,0.008
22,0.011
23,0.012
24,0.013
25,0.015
26,0.016
27,0.018
28,0.019
29,0.021
30,0.022
31,0.024
32,0.027
33,0.043
34,0.028
35,0.034
36,0.036
37,0.039
38,0.045
39,0.045
40,0.048
41,0.063
42,0.049
43,0.052
44,0.061
45,0.066
46,0.068
47,0.074
48,0.075
49,0.081
50,0.086
51,0.088
52,0.093
53,0.137
54,0.104
55,0.136
56,0.118
57,0.120
58,0.125
59,0.131
60,0.138
61,0.137
62,0.151
63,0.150
64,0.239
65,0.171
66,0.182
67,0.185
68,0.195
69,0.204
70,0.210
71,0.237
72,0.289
73,0.238
74,0.242
75,0.256
76,0.269
77,0.275
78,0.285
79,0.296
80,0.309
81,0.344
82,0.318
83,0.342
84,0.418
85,0.523
86,0.428
87,0.491
88,0.399
89,0.414
90,0.425
91,0.435
92,0.455
93,0.469
94,0.471
95,0.771
96,0.512
97,0.531
98,0.541
99,0.560
100,0.576
101,0.594
102,0.609
103,0.624
104,0.654
105,0.931
106,0.678
107,0.703
108,0.721
109,0.732
110,0.775
111,0.773
112,0.797
113,0.837
114,0.831
115,0.862
116,0.879
117,0.907
118,0.919
119,0.952
120,1.006
121,0.992
122,1.509
123,1.040
124,1.066
125,1.092
126,1.171
127,1.142
128,1.164
129,1.210
130,1.387
131,1.236
132,1.272
133,1.375
134,1.374
135,1.354
136,1.431
137,1.414
138,1.482
139,1.520
140,1.506
141,1.551
142,1.629
143,1.607
144,1.669
145,1.764
146,1.706
147,2.621
148,1.793
149,3.581
150,2.055
151,2.554
152,2.000
153,2.018
154,2.046
155,2.439
156,2.120
157,2.217
158,2.624
159,2.664
160,2.252
161,2.540
162,2.511
163,2.326
164,2.385
165,2.426
166,4.001
167,2.595
168,2.673
169,2.676
170,2.628
171,3.012
172,2.726
173,2.761
174,2.817
175,2.860
176,3.097
177,3.048
178,3.049
179,3.422
180,3.109
181,3.993
182,3.455
183,3.272
184,3.358
185,3.373
186,3.474
187,3.483
188,3.611
189,3.603
190,3.651
191,3.809
192,4.143
193,4.272
194,3.958
195,4.027
196,4.012
197,4.277
198,4.132
199,4.192
200,4.308
201,4.308
202,4.435
203,4.427
204,4.590
205,4.849
206,4.604
207,4.968
208,4.849
209,4.826
210,4.941
211,4.984
212,5.046
213,5.330
214,5.179
215,5.253
216,5.303
217,5.374
218,5.444
219,5.731
220,5.792
221,5.772
222,6.539
223,5.965
224,6.100
225,6.343
226,6.404
227,6.163
228,6.282
229,6.301
230,6.483
231,6.623
232,11.595
233,11.355
234,11.093
235,8.727
236,11.651
237,7.523
238,7.601
239,7.426
240,7.271
241,7.440
242,7.389
243,7.586
244,7.594
245,7.675
246,7.893
247,7.848
248,8.339
249,9.047
250,8.295
251,9.076
252,8.337
253,8.487
254,8.577
255,8.633
256,8.770
257,9.165
258,8.960
259,9.140
260,9.280
261,9.547
262,9.581
263,9.992
264,9.544
265,9.725
266,9.899
267,9.880
268,10.124
269,10.176
270,10.285
271,10.402
272,10.674
273,11.107
274,11.077
275,11.031
276,10.941
277,11.072
278,11.151
279,11.359
280,11.677
281,12.029
282,12.636
283,12.611
284,12.181
285,12.026
286,12.225
287,12.338
288,12.452
289,12.468
290,12.788
291,13.442
292,13.453
293,13.728
294,13.356
295,13.399
296,13.431
297,14.161
298,14.083
299,15.105
300,14.032
301,14.209
302,14.271
303,14.380
304,14.573
305,15.302
306,15.452
307,15.349
308,15.119
309,15.348
310,15.378
311,15.655
312,17.523
313,16.238
314,16.308
315,16.566
316,16.363
317,16.489
318,16.829
319,16.755
320,17.328
321,17.395
322,17.166
323,17.400
324,17.636
325,17.813
326,18.569
327,18.033
328,18.158
329,18.310
330,18.459
331,18.942
332,19.844
333,18.995
334,19.134
335,19.300
336,20.230
337,20.660
338,20.171
339,19.971
340,20.331
341,20.320
342,21.613
343,21.240
344,20.884
345,21.173
346,21.220
347,22.156
348,22.742
349,21.982
350,21.945
351,22.484
352,22.795
353,22.633
354,23.036
355,23.135
356,23.255
357,23.388
358,23.990
359,24.205
360,24.059
361,24.901
362,25.647
363,25.277
364,24.739
365,24.958
366,25.828
367,25.977
368,25.626
369,25.721
370,25.954
371,26.337
372,26.674
373,26.709
374,26.888
375,28.031
376,27.294
377,27.421
378,27.568
379,28.879
380,28.164
381,41.832
382,28.840
383,29.678
384,28.840
385,29.129
386,29.481
387,30.786
388,29.746
389,28.782
390,30.414
391,31.477
392,31.039
393,31.288
394,31.517
395,31.663
396,31.779
397,32.551
398,36.324
399,33.005
400,33.159
401,33.900
402,33.698
403,33.813
404,33.990
405,34.488
406,34.630
407,34.576
408,35.367
409,34.878
410,35.523
411,35.729
412,35.747
413,35.981
414,36.882
415,36.109
416,35.786
417,37.980
418,37.888
419,37.689
420,39.095
421,38.211
422,38.528
423,39.459
424,38.766
425,38.525
426,37.420
427,40.831
428,40.015
429,40.530
430,40.408
431,41.704
432,42.467
433,41.304
434,42.999
435,43.366
436,42.690
437,44.153
438,43.063
439,43.038
440,43.956
441,43.763
442,44.996
443,44.227
444,44.610
445,45.232
446,45.114
447,45.803
448,45.670
449,44.962
450,45.655
451,46.461
452,44.196
453,47.393
454,46.330
455,48.124
456,48.200
457,50.421
458,49.311
459,46.975
460,49.889
461,48.824
462,51.237
463,62.301
464,56.809
465,51.012
466,52.998
467,52.192
468,53.339
469,52.440
470,53.462
471,54.465
472,55.161
473,55.360
474,54.837
475,55.052
476,55.264
477,56.377
478,55.252
479,57.125
480,56.075
481,57.752
482,57.091
483,61.872
484,62.609
485,58.980
486,59.023
487,58.452
488,58.793
489,59.834
490,60.737
491,59.874
492,62.387
493,61.340
494,61.877
495,61.066
496,63.062
497,63.589
498,64.297
499,70.831
500,97.978
